Detection Fct/Global/Plot: Qq-plot                                                                                                                                                                                                                                                                                                                                                                                                                                                                                                                                                                                                                                                                                                                                                                                                                                                                                                                                                                                                                              
Pooled data                                                 
 Empirical distribution function
 Fitted cumulative distribution function
    0.000000E+00        1.000000    0.000000E+00        1.000000
         136
        0.00368        0.00066
        0.01103        0.00871
        0.01838        0.01251
        0.02574        0.01867
        0.03309        0.01979
        0.04044        0.02227
        0.04779        0.02381
        0.05515        0.02559
        0.06250        0.02879
        0.06985        0.03074
        0.07721        0.03964
        0.08456        0.04442
        0.09191        0.05811
        0.09926        0.07496
        0.10662        0.09012
        0.11397        0.10480
        0.12132        0.11029
        0.12868        0.12078
        0.13603        0.12201
        0.14338        0.12269
        0.15074        0.12686
        0.15809        0.13397
        0.16544        0.14095
        0.17279        0.15375
        0.18015        0.17109
        0.18750        0.17903
        0.19485        0.18384
        0.20221        0.18471
        0.20956        0.18588
        0.21691        0.18608
        0.22426        0.18913
        0.23162        0.19147
        0.23897        0.21518
        0.24632        0.21935
        0.25368        0.23078
        0.26103        0.23751
        0.26838        0.24911
        0.27574        0.25125
        0.28309        0.26815
        0.29044        0.27667
        0.29779        0.28003
        0.30515        0.29083
        0.31250        0.31801
        0.31985        0.31991
        0.32721        0.32150
        0.33456        0.32820
        0.34191        0.34216
        0.34926        0.35457
        0.35662        0.36230
        0.36397        0.36532
        0.37132        0.39100
        0.37868        0.41433
        0.38603        0.41805
        0.39338        0.41917
        0.40074        0.42212
        0.40809        0.42313
        0.41544        0.42359
        0.42279        0.42760
        0.43015        0.43494
        0.43750        0.44207
        0.44485        0.44544
        0.45221        0.44579
        0.45956        0.44999
        0.46691        0.45757
        0.47426        0.47487
        0.48162        0.47729
        0.48897        0.48053
        0.49632        0.49142
        0.50368        0.50227
        0.51103        0.51504
        0.51838        0.52412
        0.52574        0.52647
        0.53309        0.52688
        0.54044        0.53051
        0.54779        0.53619
        0.55515        0.54058
        0.56250        0.54262
        0.56985        0.55113
        0.57721        0.55550
        0.58456        0.56364
        0.59191        0.58030
        0.59926        0.59329
        0.60662        0.60099
        0.61397        0.61013
        0.62132        0.62046
        0.62868        0.62904
        0.63603        0.64058
        0.64338        0.64434
        0.65074        0.64606
        0.65809        0.65105
        0.66544        0.65395
        0.67279        0.67990
        0.68015        0.68950
        0.68750        0.70714
        0.69485        0.72129
        0.70221        0.72220
        0.70956        0.72228
        0.71691        0.72749
        0.72426        0.74032
        0.73162        0.74140
        0.73897        0.74679
        0.74632        0.75599
        0.75368        0.76078
        0.76103        0.76386
        0.76838        0.77224
        0.77574        0.77717
        0.78309        0.78123
        0.79044        0.78269
        0.79779        0.78329
        0.80515        0.78451
        0.81250        0.78927
        0.81985        0.80111
        0.82721        0.81270
        0.83456        0.82417
        0.84191        0.82977
        0.84926        0.83290
        0.85662        0.86588
        0.86397        0.86752
        0.87132        0.87541
        0.87868        0.87609
        0.88603        0.88995
        0.89338        0.89126
        0.90074        0.89163
        0.90809        0.89592
        0.91544        0.90943
        0.92279        0.92930
        0.93015        0.93028
        0.93750        0.93278
        0.94485        0.94966
        0.95221        0.95019
        0.95956        0.96340
        0.96691        0.98316
        0.97426        0.99135
        0.98162        0.99356
        0.98897        0.99398
        0.99632        0.99437
Detection Fct/Global/Plot: Detection Probability 1                                                                                                                                                                                                                                                                                                                                                                                                                                                                                                                                                                                                                                                                                                                                                                                                                                                                                                                                                                                                              
Pooled data                                                 
Perpendicular distance in meters            
     Detection Probability          
    0.000000E+00       30.000000    0.000000E+00        1.108295
         140
        0.00000        1.00754        1.00000
        0.23810        1.00754        1.00000
        0.47619        1.00754        1.00000
        0.71429        1.00754        1.00000
        0.95238        1.00754        1.00000
        1.19048        1.00754        1.00000
        1.42857        1.00754        1.00000
        1.66667        1.00754        1.00000
        1.90476        1.00754        1.00000
        2.14286        1.00754        1.00000
        2.38095        1.00754        1.00000
        2.61905        1.00754        1.00000
        2.85714        1.00754        0.99999
        3.09524        1.00754        0.99994
        3.33333        1.00754        0.99975
        3.57143        1.00754        0.99922
        3.80952        1.00754        0.99801
        4.04762        1.00754        0.99571
        4.28571        1.00754        0.99189
        4.28571        0.00000        0.99189
        4.28571        0.85422        0.99189
        4.52381        0.85422        0.98617
        4.76190        0.85422        0.97828
        5.00000        0.85422        0.96808
        5.23810        0.85422        0.95556
        5.47619        0.85422        0.94081
        5.71429        0.85422        0.92403
        5.95238        0.85422        0.90546
        6.19048        0.85422        0.88537
        6.42857        0.85422        0.86407
        6.66667        0.85422        0.84182
        6.90476        0.85422        0.81890
        7.14286        0.85422        0.79554
        7.38095        0.85422        0.77197
        7.61905        0.85422        0.74836
        7.85714        0.85422        0.72489
        8.09524        0.85422        0.70167
        8.33333        0.85422        0.67881
        8.57143        0.85422        0.65642
        8.57143        0.00000        0.65642
        8.57143        0.54758        0.65642
        8.80952        0.54758        0.63454
        9.04762        0.54758        0.61324
        9.28571        0.54758        0.59255
        9.52381        0.54758        0.57250
        9.76190        0.54758        0.55310
       10.00000        0.54758        0.53437
       10.23810        0.54758        0.51629
       10.47619        0.54758        0.49887
       10.71428        0.54758        0.48210
       10.95238        0.54758        0.46597
       11.19048        0.54758        0.45046
       11.42857        0.54758        0.43556
       11.66667        0.54758        0.42124
       11.90476        0.54758        0.40749
       12.14286        0.54758        0.39429
       12.38095        0.54758        0.38162
       12.61905        0.54758        0.36946
       12.85714        0.54758        0.35778
       12.85714        0.00000        0.35778
       12.85714        0.21903        0.35778
       13.09524        0.21903        0.34657
       13.33333        0.21903        0.33581
       13.57143        0.21903        0.32548
       13.80952        0.21903        0.31556
       14.04762        0.21903        0.30604
       14.28571        0.21903        0.29689
       14.52381        0.21903        0.28810
       14.76190        0.21903        0.27966
       15.00000        0.21903        0.27154
       15.23809        0.21903        0.26374
       15.47619        0.21903        0.25624
       15.71428        0.21903        0.24902
       15.95238        0.21903        0.24208
       16.19048        0.21903        0.23540
       16.42857        0.21903        0.22896
       16.66667        0.21903        0.22277
       16.90476        0.21903        0.21681
       17.14286        0.21903        0.21106
       17.14286        0.00000        0.21106
       17.14286        0.17522        0.21106
       17.38095        0.17522        0.20552
       17.61905        0.17522        0.20018
       17.85714        0.17522        0.19503
       18.09524        0.17522        0.19006
       18.33333        0.17522        0.18527
       18.57143        0.17522        0.18064
       18.80952        0.17522        0.17617
       19.04762        0.17522        0.17186
       19.28571        0.17522        0.16769
       19.52381        0.17522        0.16366
       19.76190        0.17522        0.15977
       20.00000        0.17522        0.15601
       20.23809        0.17522        0.15237
       20.47619        0.17522        0.14884
       20.71428        0.17522        0.14544
       20.95238        0.17522        0.14214
       21.19048        0.17522        0.13894
       21.42857        0.17522        0.13585
       21.42857        0.00000        0.13585
       21.42857        0.06571        0.13585
       21.66666        0.06571        0.13285
       21.90476        0.06571        0.12995
       22.14286        0.06571        0.12713
       22.38095        0.06571        0.12440
       22.61905        0.06571        0.12175
       22.85714        0.06571        0.11919
       23.09524        0.06571        0.11669
       23.33333        0.06571        0.11428
       23.57143        0.06571        0.11193
       23.80952        0.06571        0.10965
       24.04762        0.06571        0.10744
       24.28571        0.06571        0.10529
       24.52381        0.06571        0.10320
       24.76190        0.06571        0.10117
       25.00000        0.06571        0.09919
       25.23809        0.06571        0.09727
       25.47619        0.06571        0.09541
       25.71428        0.06571        0.09359
       25.71428        0.00000        0.09359
       25.71428        0.10952        0.09359
       25.95238        0.10952        0.09182
       26.19048        0.10952        0.09010
       26.42857        0.10952        0.08843
       26.66667        0.10952        0.08680
       26.90476        0.10952        0.08521
       27.14286        0.10952        0.08367
       27.38095        0.10952        0.08216
       27.61905        0.10952        0.08069
       27.85714        0.10952        0.07926
       28.09524        0.10952        0.07787
       28.33333        0.10952        0.07651
       28.57143        0.10952        0.07519
       28.80952        0.10952        0.07389
       29.04762        0.10952        0.07263
       29.28571        0.10952        0.07140
       29.52381        0.10952        0.07020
       29.76191        0.10952        0.06903
       30.00000        0.10952        0.06789
       30.00000        0.00000        0.06789
Detection Fct/Global/Plot: Detection Probability 2                                                                                                                                                                                                                                                                                                                                                                                                                                                                                                                                                                                                                                                                                                                                                                                                                                                                                                                                                                                                              
Pooled data                                                 
Perpendicular distance in meters            
     Detection Probability          
    0.000000E+00       30.000000    0.000000E+00        1.211552
         143
        0.00000        1.10141        1.00000
        0.24793        1.10141        1.00000
        0.49587        1.10141        1.00000
        0.74380        1.10141        1.00000
        0.99174        1.10141        1.00000
        1.23967        1.10141        1.00000
        1.48760        1.10141        1.00000
        1.73554        1.10141        1.00000
        1.98347        1.10141        1.00000
        2.23141        1.10141        1.00000
        2.47934        1.10141        1.00000
        2.72727        1.10141        1.00000
        2.72727        0.00000        1.00000
        2.72727        0.86048        1.00000
        2.97521        0.86048        0.99998
        3.22314        0.86048        0.99987
        3.47107        0.86048        0.99950
        3.71901        0.86048        0.99857
        3.96694        0.86048        0.99664
        4.21488        0.86048        0.99321
        4.46281        0.86048        0.98783
        4.71074        0.86048        0.98017
        4.95868        0.86048        0.97002
        5.20661        0.86048        0.95734
        5.45455        0.86048        0.94224
        5.45455        0.00000        0.94224
        5.45455        0.86048        0.94224
        5.70248        0.86048        0.92490
        5.95041        0.86048        0.90562
        6.19835        0.86048        0.88469
        6.44628        0.86048        0.86244
        6.69421        0.86048        0.83920
        6.94215        0.86048        0.81525
        7.19008        0.86048        0.79088
        7.43802        0.86048        0.76631
        7.68595        0.86048        0.74175
        7.93388        0.86048        0.71737
        8.18182        0.86048        0.69331
        8.18182        0.00000        0.69331
        8.18182        0.51629        0.69331
        8.42975        0.51629        0.66969
        8.67769        0.51629        0.64659
        8.92562        0.51629        0.62408
        9.17355        0.51629        0.60222
        9.42149        0.51629        0.58104
        9.66942        0.51629        0.56056
        9.91736        0.51629        0.54079
       10.16529        0.51629        0.52175
       10.41322        0.51629        0.50342
       10.66116        0.51629        0.48579
       10.90909        0.51629        0.46886
       10.90909        0.00000        0.46886
       10.90909        0.51629        0.46886
       11.15703        0.51629        0.45261
       11.40496        0.51629        0.43701
       11.65289        0.51629        0.42205
       11.90083        0.51629        0.40772
       12.14876        0.51629        0.39397
       12.39669        0.51629        0.38080
       12.64463        0.51629        0.36818
       12.89256        0.51629        0.35608
       13.14050        0.51629        0.34449
       13.38843        0.51629        0.33338
       13.63636        0.51629        0.32274
       13.63636        0.00000        0.32274
       13.63636        0.13768        0.32274
       13.88430        0.13768        0.31253
       14.13223        0.13768        0.30275
       14.38017        0.13768        0.29336
       14.62810        0.13768        0.28436
       14.87603        0.13768        0.27573
       15.12397        0.13768        0.26744
       15.37190        0.13768        0.25949
       15.61983        0.13768        0.25185
       15.86777        0.13768        0.24451
       16.11570        0.13768        0.23747
       16.36364        0.13768        0.23069
       16.36364        0.00000        0.23069
       16.36364        0.27535        0.23069
       16.61157        0.27535        0.22418
       16.85950        0.27535        0.21792
       17.10744        0.27535        0.21190
       17.35537        0.27535        0.20610
       17.60331        0.27535        0.20052
       17.85124        0.27535        0.19515
       18.09917        0.27535        0.18998
       18.34711        0.27535        0.18499
       18.59504        0.27535        0.18019
       18.84298        0.27535        0.17556
       19.09091        0.27535        0.17109
       19.09091        0.00000        0.17109
       19.09091        0.13768        0.17109
       19.33884        0.13768        0.16678
       19.58678        0.13768        0.16262
       19.83471        0.13768        0.15861
       20.08265        0.13768        0.15473
       20.33058        0.13768        0.15098
       20.57851        0.13768        0.14737
       20.82645        0.13768        0.14387
       21.07438        0.13768        0.14049
       21.32232        0.13768        0.13722
       21.57025        0.13768        0.13405
       21.81818        0.13768        0.13099
       21.81818        0.00000        0.13099
       21.81818        0.10326        0.13099
       22.06612        0.10326        0.12803
       22.31405        0.10326        0.12516
       22.56198        0.10326        0.12238
       22.80992        0.10326        0.11969
       23.05785        0.10326        0.11708
       23.30578        0.10326        0.11455
       23.55372        0.10326        0.11210
       23.80165        0.10326        0.10972
       24.04959        0.10326        0.10742
       24.29752        0.10326        0.10518
       24.54545        0.10326        0.10301
       24.54545        0.00000        0.10301
       24.54545        0.03442        0.10301
       24.79339        0.03442        0.10090
       25.04132        0.03442        0.09885
       25.28926        0.03442        0.09687
       25.53719        0.03442        0.09494
       25.78512        0.03442        0.09306
       26.03306        0.03442        0.09123
       26.28099        0.03442        0.08946
       26.52893        0.03442        0.08774
       26.77686        0.03442        0.08606
       27.02479        0.03442        0.08443
       27.27273        0.03442        0.08284
       27.27273        0.00000        0.08284
       27.27273        0.13768        0.08284
       27.52066        0.13768        0.08130
       27.76859        0.13768        0.07979
       28.01653        0.13768        0.07833
       28.26446        0.13768        0.07690
       28.51240        0.13768        0.07551
       28.76033        0.13768        0.07416
       29.00826        0.13768        0.07284
       29.25620        0.13768        0.07155
       29.50413        0.13768        0.07030
       29.75207        0.13768        0.06908
       30.00000        0.13768        0.06789
       30.00000        0.00000        0.06789
Detection Fct/Global/Plot: Detection Probability 3                                                                                                                                                                                                                                                                                                                                                                                                                                                                                                                                                                                                                                                                                                                                                                                                                                                                                                                                                                                                              
Pooled data                                                 
Perpendicular distance in meters            
     Detection Probability          
    0.000000E+00       30.000000    0.000000E+00        1.345787
         153
        0.00000        1.17025        1.00000
        0.25210        1.17025        1.00000
        0.50420        1.17025        1.00000
        0.75630        1.17025        1.00000
        1.00840        1.17025        1.00000
        1.26050        1.17025        1.00000
        1.51261        1.17025        1.00000
        1.76471        1.17025        1.00000
        1.76471        0.00000        1.00000
        1.76471        0.90428        1.00000
        2.01681        0.90428        1.00000
        2.26891        0.90428        1.00000
        2.52101        0.90428        1.00000
        2.77311        0.90428        1.00000
        3.02521        0.90428        0.99996
        3.27731        0.90428        0.99982
        3.52941        0.90428        0.99935
        3.52941        0.00000        0.99935
        3.52941        0.63832        0.99935
        3.78151        0.63832        0.99820
        4.03361        0.63832        0.99588
        4.28571        0.63832        0.99189
        4.53782        0.63832        0.98577
        4.78992        0.63832        0.97720
        5.04202        0.63832        0.96604
        5.29412        0.63832        0.95228
        5.29412        0.00000        0.95228
        5.29412        1.22344        0.95228
        5.54622        1.22344        0.93607
        5.79832        1.22344        0.91766
        6.05042        1.22344        0.89735
        6.30252        1.22344        0.87548
        6.55462        1.22344        0.85239
        6.80672        1.22344        0.82840
        7.05882        1.22344        0.80382
        7.05882        0.00000        0.80382
        7.05882        0.63832        0.80382
        7.31092        0.63832        0.77891
        7.56302        0.63832        0.75391
        7.81513        0.63832        0.72901
        8.06723        0.63832        0.70438
        8.31933        0.63832        0.68015
        8.57143        0.63832        0.65642
        8.82353        0.63832        0.63327
        8.82353        0.00000        0.63327
        8.82353        0.42555        0.63327
        9.07563        0.42555        0.61078
        9.32773        0.42555        0.58897
        9.57983        0.42555        0.56788
        9.83193        0.42555        0.54752
       10.08403        0.42555        0.52791
       10.33613        0.42555        0.50904
       10.58824        0.42555        0.49090
       10.58824        0.00000        0.49090
       10.58824        0.53193        0.49090
       10.84034        0.53193        0.47349
       11.09244        0.53193        0.45678
       11.34454        0.53193        0.44075
       11.59664        0.53193        0.42539
       11.84874        0.53193        0.41068
       12.10084        0.53193        0.39658
       12.35294        0.53193        0.38308
       12.35294        0.00000        0.38308
       12.35294        0.47874        0.38308
       12.60504        0.47874        0.37016
       12.85714        0.47874        0.35778
       13.10924        0.47874        0.34593
       13.36134        0.47874        0.33458
       13.61345        0.47874        0.32370
       13.86555        0.47874        0.31329
       14.11765        0.47874        0.30331
       14.11765        0.00000        0.30331
       14.11765        0.15958        0.30331
       14.36975        0.15958        0.29375
       14.62185        0.15958        0.28459
       14.87395        0.15958        0.27580
       15.12605        0.15958        0.26737
       15.37815        0.15958        0.25929
       15.63025        0.15958        0.25154
       15.88235        0.15958        0.24409
       15.88235        0.00000        0.24409
       15.88235        0.21277        0.24409
       16.13445        0.21277        0.23695
       16.38655        0.21277        0.23008
       16.63865        0.21277        0.22349
       16.89076        0.21277        0.21715
       17.14286        0.21277        0.21106
       17.39496        0.21277        0.20520
       17.64706        0.21277        0.19956
       17.64706        0.00000        0.19956
       17.64706        0.26597        0.19956
       17.89916        0.26597        0.19414
       18.15126        0.26597        0.18892
       18.40336        0.26597        0.18389
       18.65546        0.26597        0.17905
       18.90756        0.26597        0.17438
       19.15966        0.26597        0.16988
       19.41176        0.26597        0.16554
       19.41176        0.00000        0.16554
       19.41176        0.10639        0.16554
       19.66387        0.10639        0.16136
       19.91597        0.10639        0.15732
       20.16807        0.10639        0.15342
       20.42017        0.10639        0.14966
       20.67227        0.10639        0.14603
       20.92437        0.10639        0.14252
       21.17647        0.10639        0.13913
       21.17647        0.00000        0.13913
       21.17647        0.15958        0.13913
       21.42857        0.15958        0.13585
       21.68067        0.15958        0.13268
       21.93277        0.15958        0.12961
       22.18488        0.15958        0.12664
       22.43698        0.15958        0.12377
       22.68908        0.15958        0.12099
       22.94118        0.15958        0.11830
       22.94118        0.00000        0.11830
       22.94118        0.05319        0.11830
       23.19328        0.05319        0.11569
       23.44538        0.05319        0.11316
       23.69748        0.05319        0.11071
       23.94958        0.05319        0.10834
       24.20168        0.05319        0.10604
       24.45378        0.05319        0.10381
       24.70588        0.05319        0.10164
       24.70588        0.00000        0.10164
       24.70588        0.00000        0.10164
       24.95798        0.00000        0.09954
       25.21008        0.00000        0.09750
       25.46218        0.00000        0.09551
       25.71429        0.00000        0.09359
       25.96639        0.00000        0.09172
       26.21849        0.00000        0.08990
       26.47059        0.00000        0.08814
       26.47059        0.00000        0.08814
       26.47059        0.05319        0.08814
       26.72269        0.05319        0.08642
       26.97479        0.05319        0.08475
       27.22689        0.05319        0.08313
       27.47899        0.05319        0.08155
       27.73109        0.05319        0.08002
       27.98319        0.05319        0.07852
       28.23529        0.05319        0.07707
       28.23529        0.00000        0.07707
       28.23529        0.21277        0.07707
       28.48739        0.21277        0.07565
       28.73950        0.21277        0.07427
       28.99160        0.21277        0.07293
       29.24370        0.21277        0.07162
       29.49580        0.21277        0.07034
       29.74790        0.21277        0.06910
       30.00000        0.21277        0.06789
       30.00000        0.00000        0.06789
