                                                   
     0     0 1 1   1   136.0000          0.0000000      0.0000000      0.0000000      0.0000000
     0     0 1 1   2   50.00000          0.0000000      0.0000000      0.0000000      0.0000000
     0     0 1 1   3   50000.00          0.0000000      0.0000000      0.0000000      0.0000000
     0     0 1 1   4  0.2720000E-02  0.9099332E-01  0.2266305E-02  0.3264521E-02   49.00000    
     0     0 1 1   5      0.0000000      0.0000000      0.0000000      0.0000000      0.0000000
     0     0 1 1   6   30.00000          0.0000000      0.0000000      0.0000000      0.0000000
     0     0 1 2   1   2.000000          0.0000000      0.0000000      0.0000000      0.0000000
     0     0 1 2   4  0.7833088E-01  0.1038995      0.6381563E-01  0.9614772E-01   134.0000    
     0     0 1 2   5  0.4255452      0.1038995      0.3466887      0.5223381       134.0000    
     0     0 1 2   6   12.76636      0.1038995       10.40066       15.67014       134.0000    
     0     0 1 2   2   840.5374          0.0000000      0.0000000      0.0000000      0.0000000
     0     0 1 2   7   840.6276          0.0000000      0.0000000      0.0000000      0.0000000
     0     0 1 2   8   846.3627          0.0000000      0.0000000      0.0000000      0.0000000
     0     0 1 2   9  -418.2687          0.0000000      0.0000000      0.0000000      0.0000000
     0     0 1 2  13   4.000000          0.0000000      0.0000000      0.0000000      0.0000000
     0     0 1 2  14   3.000000          0.0000000      0.0000000      0.0000000      0.0000000
     0     0 1 2  15   2.000000          0.0000000      0.0000000      0.0000000      0.0000000
     0     0 1 2  16      0.0000000      0.0000000      0.0000000      0.0000000      0.0000000
     0     0 1 2  17      0.0000000      0.0000000      0.0000000      0.0000000      0.0000000
     0     0 1 2 101   8.836264      0.1683392          0.0000000      0.0000000      0.0000000
     0     0 1 2 102   2.172017      0.1924890          0.0000000      0.0000000      0.0000000
     0     0 1 2  10  0.9563774          0.0000000      0.0000000      0.0000000      0.0000000
     0     0 1 2  11   1.000000          0.0000000      0.0000000      0.0000000      0.0000000
     0     0 1 2  12  0.9000000          0.0000000      0.0000000      0.0000000      0.0000000
     0     0 1 2   3  0.6890082          0.0000000      0.0000000      0.0000000      0.0000000
     0     0 1 2   3  0.4705272          0.0000000      0.0000000      0.0000000      0.0000000
     0     0 1 2   3  0.4084661          0.0000000      0.0000000      0.0000000      0.0000000
     0     0 1 4   1   106.5300      0.1381119       81.20376       139.7551       160.3762    
     0     0 1 4   2   106.5300      0.1381119       81.20376       139.7551       160.3762    
